5.000000000000000000e-01 0.000000000000000000e+00 5.000000000000000000e-01 1.916504329004328766e-01 0.000000000000000000e+00 0.000000000000000000e+00 0.000000000000000000e+00 5.291005291005290712e-03 1.631944444444444198e-02 0.000000000000000000e+00 2.619047619047619110e-02 0.000000000000000000e+00 4.780167748917749093e-02 0.000000000000000000e+00 0.000000000000000000e+00 0.000000000000000000e+00 0.000000000000000000e+00 5.000000000000000000e-01 5.000000000000000000e-01 0.000000000000000000e+00 1.587301587301587213e-02 0.000000000000000000e+00 3.125000000000000000e-02 7.232205778717407628e-03 0.000000000000000000e+00 6.070054284339998669e-03 2.369791666666666574e-02 0.000000000000000000e+00 1.481481481481481538e-02 2.302243211334120687e-02 3.906250000000000000e-02 0.000000000000000000e+00 3.571428571428571230e-02 0.000000000000000000e+00 0.000000000000000000e+00 2.276270356627499609e-03 1.780303030303029971e-02 3.125000000000000000e-02 0.000000000000000000e+00
0.000000000000000000e+00 5.000000000000000000e-01 0.000000000000000000e+00 0.000000000000000000e+00 2.645502645502645356e-01 5.000000000000000000e-01 0.000000000000000000e+00 0.000000000000000000e+00 0.000000000000000000e+00 0.000000000000000000e+00 0.000000000000000000e+00 0.000000000000000000e+00 0.000000000000000000e+00 1.904761904761904587e-02 3.968253968253968034e-02 0.000000000000000000e+00 3.809523809523809312e-01 0.000000000000000000e+00 0.000000000000000000e+00 1.111111111111111049e-01 0.000000000000000000e+00 0.000000000000000000e+00 0.000000000000000000e+00 0.000000000000000000e+00 0.000000000000000000e+00 0.000000000000000000e+00 0.000000000000000000e+00 0.000000000000000000e+00 2.469135802469135665e-02 0.000000000000000000e+00 0.000000000000000000e+00 5.000000000000000000e-01 0.000000000000000000e+00 0.000000000000000000e+00 0.000000000000000000e+00 0.000000000000000000e+00 0.000000000000000000e+00 0.000000000000000000e+00 0.000000000000000000e+00
5.000000000000000000e-01 0.000000000000000000e+00 5.000000000000000000e-01 1.916504329004328766e-01 0.000000000000000000e+00 0.000000000000000000e+00 0.000000000000000000e+00 5.291005291005290712e-03 1.631944444444444198e-02 0.000000000000000000e+00 2.619047619047619110e-02 0.000000000000000000e+00 4.780167748917749093e-02 0.000000000000000000e+00 0.000000000000000000e+00 0.000000000000000000e+00 0.000000000000000000e+00 5.000000000000000000e-01 5.000000000000000000e-01 0.000000000000000000e+00 1.587301587301587213e-02 0.000000000000000000e+00 3.125000000000000000e-02 7.232205778717407628e-03 0.000000000000000000e+00 6.070054284339998669e-03 2.369791666666666574e-02 0.000000000000000000e+00 1.481481481481481538e-02 2.302243211334120687e-02 3.906250000000000000e-02 0.000000000000000000e+00 3.571428571428571230e-02 0.000000000000000000e+00 0.000000000000000000e+00 2.276270356627499609e-03 1.780303030303029971e-02 3.125000000000000000e-02 0.000000000000000000e+00
1.916504329004328766e-01 0.000000000000000000e+00 1.916504329004328766e-01 5.000000000000000000e-01 1.020408163265306041e-02 0.000000000000000000e+00 8.157509157509157394e-02 1.707310356359449666e-01 2.577897392854823222e-01 4.102564102564102561e-02 2.789297325481535639e-01 1.329978354978354760e-01 3.292681277056276890e-01 1.244397859958500802e-01 8.833644568938686659e-02 5.389055389055388834e-02 0.000000000000000000e+00 1.916504329004328766e-01 1.916504329004328766e-01 1.428571428571428527e-02 2.174795057125233910e-01 1.213906926406926462e-01 2.498356286959228234e-01 2.242985628366251094e-01 0.000000000000000000e+00 2.283628826296597580e-01 3.041649564530756744e-01 0.000000000000000000e+00 1.988348210097436175e-01 2.604250625535455277e-01 3.247892957790403656e-01 0.000000000000000000e+00 2.171183166248955576e-01 0.000000000000000000e+00 1.182765151515151464e-01 1.785977653237714735e-01 2.471145659511310433e-01 2.409508247743542275e-01 0.000000000000000000e+00
0.000000000000000000e+00 2.645502645502645356e-01 0.000000000000000000e+00 1.020408163265306041e-02 5.000000000000000000e-01 2.645502645502645356e-01 0.000000000000000000e+00 1.377171215880893494e-02 1.407967032967032996e-02 0.000000000000000000e+00 1.877289377289377212e-02 0.000000000000000000e+00 7.192460317460316888e-02 2.313475997686523927e-02 3.405612244897959218e-01 0.000000000000000000e+00 2.471655328798185725e-01 0.000000000000000000e+00 0.000000000000000000e+00 3.074074074074074070e-01 0.000000000000000000e+00 0.000000000000000000e+00 0.000000000000000000e+00 1.925025329280648234e-02 0.000000000000000000e+00 6.289978678038379671e-03 1.126373626373626362e-02 0.000000000000000000e+00 2.276509814971353629e-01 0.000000000000000000e+00 1.282051282051282180e-02 2.645502645502645356e-01 0.000000000000000000e+00 0.000000000000000000e+00 0.000000000000000000e+00 2.897393304370048540e-03 3.322344322344322060e-02 0.000000000000000000e+00 0.000000000000000000e+00
0.000000000000000000e+00 5.000000000000000000e-01 0.000000000000000000e+00 0.000000000000000000e+00 2.645502645502645356e-01 5.000000000000000000e-01 0.000000000000000000e+00 0.000000000000000000e+00 0.000000000000000000e+00 0.000000000000000000e+00 0.000000000000000000e+00 0.000000000000000000e+00 0.000000000000000000e+00 1.904761904761904587e-02 3.968253968253968034e-02 0.000000000000000000e+00 3.809523809523809312e-01 0.000000000000000000e+00 0.000000000000000000e+00 1.111111111111111049e-01 0.000000000000000000e+00 0.000000000000000000e+00 0.000000000000000000e+00 0.000000000000000000e+00 0.000000000000000000e+00 0.000000000000000000e+00 0.000000000000000000e+00 0.000000000000000000e+00 2.469135802469135665e-02 0.000000000000000000e+00 0.000000000000000000e+00 5.000000000000000000e-01 0.000000000000000000e+00 0.000000000000000000e+00 0.000000000000000000e+00 0.000000000000000000e+00 0.000000000000000000e+00 0.000000000000000000e+00 0.000000000000000000e+00
0.000000000000000000e+00 0.000000000000000000e+00 0.000000000000000000e+00 8.157509157509157394e-02 0.000000000000000000e+00 0.000000000000000000e+00 5.000000000000000000e-01 5.683082349749017659e-02 1.496718559218559452e-01 0.000000000000000000e+00 2.838904151404151310e-01 1.111111111111111049e-01 1.269688644688644619e-01 6.648351648351648324e-02 4.000000000000000083e-02 9.523809523809523281e-02 0.000000000000000000e+00 0.000000000000000000e+00 0.000000000000000000e+00 0.000000000000000000e+00 1.212386379053045915e-01 2.222222222222222099e-01 1.166666666666666685e-01 4.457364341085270909e-02 0.000000000000000000e+00 6.825832897261467636e-02 8.311202686202685819e-02 0.000000000000000000e+00 7.509157509157510235e-02 9.504662004662002561e-02 1.024839743589743557e-01 0.000000000000000000e+00 1.404151404151404159e-01 0.000000000000000000e+00 7.142857142857142461e-02 1.945937990580847432e-01 2.280497280497280344e-01 1.194444444444444364e-01 0.000000000000000000e+00
5.291005291005290712e-03 0.000000000000000000e+00 5.291005291005290712e-03 1.707310356359449666e-01 1.377171215880893494e-02 0.000000000000000000e+00 5.683082349749017659e-02 5.000000000000000000e-01 1.974438432642767194e-01 0.000000000000000000e+00 1.974920613676593995e-01 5.778018278018277193e-02 2.355571415168938310e-01 3.137652625152624886e-01 1.894897959183673153e-01 3.710317460317459626e-02 2.110389610389610399e-02 5.291005291005290712e-03 5.291005291005290712e-03 1.025641025641025640e-02 1.763093116034292751e-01 5.705868205868205867e-02 1.894515277375317663e-01 1.112337931701435495e-01 0.000000000000000000e+00 3.418529784628855372e-01 2.070895032459632579e-01 0.000000000000000000e+00 1.545947086968758877e-01 1.729890479890480171e-01 2.143100017431568138e-01 0.000000000000000000e+00 1.566129273025824997e-01 0.000000000000000000e+00 6.382047071702243168e-02 3.372191155136021190e-01 3.567866057804137681e-01 1.873305644096719125e-01 0.000000000000000000e+00
1.631944444444444198e-02 0.000000000000000000e+00 1.631944444444444198e-02 2.577897392854823222e-01 1.407967032967032996e-02 0.000000000000000000e+00 1.496718559218559452e-01 1.974438432642767194e-01 5.000000000000000000e-01 7.099358974358975505e-02 3.047251481462007749e-01 2.195526695526695271e-01 2.792420864595787089e-01 2.312708285866180713e-01 1.278330819507290106e-01 1.219733258194796582e-01 1.398601398601398600e-02 1.631944444444444198e-02 1.631944444444444198e-02 1.877289377289377212e-02 2.849831299093967818e-01 2.143443362193362123e-01 3.560424169667867345e-01 3.262338235525922281e-01 0.000000000000000000e+00 3.222681418157264943e-01 2.762430380077439129e-01 0.000000000000000000e+00 2.499754631333578614e-01 2.006676939781760760e-01 2.880669439492968831e-01 0.000000000000000000e+00 1.810234721418932102e-01 0.000000000000000000e+00 1.693813131313131326e-01 3.498470055886916397e-01 2.913903206970433479e-01 2.659931280204389514e-01 0.000000000000000000e+00
0.000000000000000000e+00 0.000000000000000000e+00 0.000000000000000000e+00 4.102564102564102561e-02 0.000000000000000000e+00 0.000000000000000000e+00 0.000000000000000000e+00 0.000000000000000000e+00 7.099358974358975505e-02 5.000000000000000000e-01 4.613095238095237666e-02 1.428571428571428492e-01 5.128205128205128027e-02 3.174603174603174427e-02 5.000000000000000278e-02 0.000000000000000000e+00 0.000000000000000000e+00 0.000000000000000000e+00 0.000000000000000000e+00 0.000000000000000000e+00 6.679894179894180217e-02 1.428571428571428492e-01 8.173076923076923184e-02 2.685663174035267109e-01 0.000000000000000000e+00 4.691261119832548093e-02 5.912316849816849629e-02 0.000000000000000000e+00 6.481481481481481122e-02 2.272727272727272790e-02 1.923076923076923184e-02 0.000000000000000000e+00 7.142857142857142461e-02 0.000000000000000000e+00 7.142857142857142461e-02 1.148395255538112690e-02 4.054279054279053690e-02 9.065934065934065644e-02 0.000000000000000000e+00
2.619047619047619110e-02 0.000000000000000000e+00 2.619047619047619110e-02 2.789297325481535639e-01 1.877289377289377212e-02 0.000000000000000000e+00 2.838904151404151310e-01 1.974920613676593995e-01 3.047251481462007749e-01 4.613095238095237666e-02 5.000000000000000000e-01 1.857142857142856929e-01 3.130254457322126926e-01 2.072416861890546136e-01 1.172400516150516048e-01 1.004782254782254636e-01 2.020202020202020374e-02 2.619047619047619110e-02 2.619047619047619110e-02 2.815934065934065991e-02 2.402740923793555416e-01 2.932539682539682113e-01 2.374025974025973651e-01 2.442343877628517790e-01 0.000000000000000000e+00 2.768992639702022029e-01 2.471134394579370397e-01 0.000000000000000000e+00 2.478979500032131578e-01 3.198529411764705621e-01 2.806427699284841926e-01 0.000000000000000000e+00 2.515172546751494598e-01 0.000000000000000000e+00 1.393290043290043578e-01 2.353133137615896486e-01 3.209192768016297381e-01 2.092261904761904545e-01 0.000000000000000000e+00
0.000000000000000000e+00 0.000000000000000000e+00 0.000000000000000000e+00 1.329978354978354760e-01 0.000000000000000000e+00 0.000000000000000000e+00 1.111111111111111049e-01 5.778018278018277193e-02 2.195526695526695271e-01 1.428571428571428492e-01 1.857142857142856929e-01 5.000000000000000000e-01 1.733495670995670868e-01 1.148677248677248547e-01 5.064935064935065234e-02 8.333333333333332871e-02 0.000000000000000000e+00 0.000000000000000000e+00 0.000000000000000000e+00 0.000000000000000000e+00 1.667348084014750598e-01 2.999999999999999889e-01 2.443181818181818232e-01 2.284564918285847956e-01 0.000000000000000000e+00 2.215402322545179381e-01 2.435808982683982382e-01 0.000000000000000000e+00 9.100529100529100579e-02 1.289518562245834943e-01 1.464871933621933464e-01 0.000000000000000000e+00 1.276785714285714191e-01 0.000000000000000000e+00 2.482142857142857206e-01 1.850526953205525182e-01 1.556342647251738043e-01 1.954545454545454641e-01 0.000000000000000000e+00
4.780167748917749093e-02 0.000000000000000000e+00 4.780167748917749093e-02 3.292681277056276890e-01 7.192460317460316888e-02 0.000000000000000000e+00 1.269688644688644619e-01 2.355571415168938310e-01 2.792420864595787089e-01 5.128205128205128027e-02 3.130254457322126926e-01 1.733495670995670868e-01 5.000000000000000000e-01 1.438160767108135618e-01 3.334558823529412130e-01 7.821191154524487210e-02 0.000000000000000000e+00 4.780167748917749093e-02 4.780167748917749093e-02 6.309523809523809312e-02 2.466643633284500425e-01 1.744656385281385391e-01 2.858855850032320789e-01 2.334690669474583369e-01 0.000000000000000000e+00 2.474794221597290400e-01 2.377713459492941661e-01 0.000000000000000000e+00 2.317963469279258615e-01 2.835448432766772275e-01 2.570094029514639611e-01 0.000000000000000000e+00 2.608233652312599848e-01 0.000000000000000000e+00 1.200942113442113462e-01 1.834658375680046916e-01 3.379502678264287852e-01 2.752238202973497083e-01 0.000000000000000000e+00
0.000000000000000000e+00 1.904761904761904587e-02 0.000000000000000000e+00 1.244397859958500802e-01 2.313475997686523927e-02 1.904761904761904587e-02 6.648351648351648324e-02 3.137652625152624886e-01 2.312708285866180713e-01 3.174603174603174427e-02 2.072416861890546136e-01 1.148677248677248547e-01 1.438160767108135618e-01 5.000000000000000000e-01 8.189865689865689913e-02 4.389880952380952051e-02 2.568722943722944185e-01 0.000000000000000000e+00 0.000000000000000000e+00 1.025641025641025640e-02 3.633755133755133815e-01 1.030158730158730052e-01 1.609360410830998900e-01 2.584366422007399189e-01 0.000000000000000000e+00 3.355373716003909323e-01 2.558835699489056537e-01 0.000000000000000000e+00 1.663036325715751551e-01 1.358780108780108797e-01 1.930944055944056326e-01 1.904761904761904587e-02 1.203863130333718695e-01 0.000000000000000000e+00 2.390289449112978359e-01 2.678327334840855944e-01 3.062058190347664577e-01 1.316571500395029570e-01 0.000000000000000000e+00
0.000000000000000000e+00 3.968253968253968034e-02 0.000000000000000000e+00 8.833644568938686659e-02 3.405612244897959218e-01 3.968253968253968034e-02 4.000000000000000083e-02 1.894897959183673153e-01 1.278330819507290106e-01 5.000000000000000278e-02 1.172400516150516048e-01 5.064935064935065234e-02 3.334558823529412130e-01 8.189865689865689913e-02 5.000000000000000000e-01 2.020202020202020027e-02 3.607503607503607240e-02 0.000000000000000000e+00 0.000000000000000000e+00 2.566666666666667096e-01 1.001888634241575454e-01 5.064935064935065234e-02 8.382038712921065227e-02 2.828143854095411247e-01 0.000000000000000000e+00 1.975145585336139931e-01 9.679181793152380475e-02 0.000000000000000000e+00 2.529411764705882804e-01 8.859649122807015942e-02 7.925150829562593868e-02 3.968253968253968034e-02 8.508898508898508906e-02 0.000000000000000000e+00 4.232804232804232569e-02 1.606270400722271952e-01 2.248943437023932235e-01 8.332435538317890800e-02 0.000000000000000000e+00
0.000000000000000000e+00 0.000000000000000000e+00 0.000000000000000000e+00 5.389055389055388834e-02 0.000000000000000000e+00 0.000000000000000000e+00 9.523809523809523281e-02 3.710317460317459626e-02 1.219733258194796582e-01 0.000000000000000000e+00 1.004782254782254636e-01 8.333333333333332871e-02 7.821191154524487210e-02 4.389880952380952051e-02 2.020202020202020027e-02 5.000000000000000000e-01 0.000000000000000000e+00 0.000000000000000000e+00 0.000000000000000000e+00 0.000000000000000000e+00 1.255158730158730251e-01 8.333333333333332871e-02 8.095238095238094234e-02 4.010503385503384755e-02 0.000000000000000000e+00 5.838198260073260148e-02 6.085075055663290156e-02 0.000000000000000000e+00 2.435897435897435570e-02 8.029100529100528794e-02 6.128747795414461047e-02 0.000000000000000000e+00 3.083333333333332926e-01 0.000000000000000000e+00 6.666666666666666574e-02 2.339739977313941843e-01 6.279253154253154612e-02 8.650793650793650591e-02 0.000000000000000000e+00
0.000000000000000000e+00 3.809523809523809312e-01 0.000000000000000000e+00 0.000000000000000000e+00 2.471655328798185725e-01 3.809523809523809312e-01 0.000000000000000000e+00 2.110389610389610399e-02 1.398601398601398600e-02 0.000000000000000000e+00 2.020202020202020374e-02 0.000000000000000000e+00 0.000000000000000000e+00 2.568722943722944185e-01 3.607503607503607240e-02 0.000000000000000000e+00 5.000000000000000000e-01 0.000000000000000000e+00 0.000000000000000000e+00 7.407407407407406996e-02 1.033333333333333187e-01 0.000000000000000000e+00 0.000000000000000000e+00 1.082251082251082207e-02 0.000000000000000000e+00 1.968005952380952328e-02 2.215431627196333061e-02 0.000000000000000000e+00 4.040404040404040054e-02 0.000000000000000000e+00 2.020202020202020374e-02 3.809523809523809312e-01 0.000000000000000000e+00 0.000000000000000000e+00 5.714285714285714107e-02 4.877174107943338908e-03 4.090909090909090884e-02 0.000000000000000000e+00 0.000000000000000000e+00
5.000000000000000000e-01 0.000000000000000000e+00 5.000000000000000000e-01 1.916504329004328766e-01 0.000000000000000000e+00 0.000000000000000000e+00 0.000000000000000000e+00 5.291005291005290712e-03 1.631944444444444198e-02 0.000000000000000000e+00 2.619047619047619110e-02 0.000000000000000000e+00 4.780167748917749093e-02 0.000000000000000000e+00 0.000000000000000000e+00 0.000000000000000000e+00 0.000000000000000000e+00 5.000000000000000000e-01 5.000000000000000000e-01 0.000000000000000000e+00 1.587301587301587213e-02 0.000000000000000000e+00 3.125000000000000000e-02 7.232205778717407628e-03 0.000000000000000000e+00 6.070054284339998669e-03 2.369791666666666574e-02 0.000000000000000000e+00 1.481481481481481538e-02 2.302243211334120687e-02 3.906250000000000000e-02 0.000000000000000000e+00 3.571428571428571230e-02 0.000000000000000000e+00 0.000000000000000000e+00 2.276270356627499609e-03 1.780303030303029971e-02 3.125000000000000000e-02 0.000000000000000000e+00
5.000000000000000000e-01 0.000000000000000000e+00 5.000000000000000000e-01 1.916504329004328766e-01 0.000000000000000000e+00 0.000000000000000000e+00 0.000000000000000000e+00 5.291005291005290712e-03 1.631944444444444198e-02 0.000000000000000000e+00 2.619047619047619110e-02 0.000000000000000000e+00 4.780167748917749093e-02 0.000000000000000000e+00 0.000000000000000000e+00 0.000000000000000000e+00 0.000000000000000000e+00 5.000000000000000000e-01 5.000000000000000000e-01 0.000000000000000000e+00 1.587301587301587213e-02 0.000000000000000000e+00 3.125000000000000000e-02 7.232205778717407628e-03 0.000000000000000000e+00 6.070054284339998669e-03 2.369791666666666574e-02 0.000000000000000000e+00 1.481481481481481538e-02 2.302243211334120687e-02 3.906250000000000000e-02 0.000000000000000000e+00 3.571428571428571230e-02 0.000000000000000000e+00 0.000000000000000000e+00 2.276270356627499609e-03 1.780303030303029971e-02 3.125000000000000000e-02 0.000000000000000000e+00
0.000000000000000000e+00 1.111111111111111049e-01 0.000000000000000000e+00 1.428571428571428527e-02 3.074074074074074070e-01 1.111111111111111049e-01 0.000000000000000000e+00 1.025641025641025640e-02 1.877289377289377212e-02 0.000000000000000000e+00 2.815934065934065991e-02 0.000000000000000000e+00 6.309523809523809312e-02 1.025641025641025640e-02 2.566666666666667096e-01 0.000000000000000000e+00 7.407407407407406996e-02 0.000000000000000000e+00 0.000000000000000000e+00 5.000000000000000000e-01 0.000000000000000000e+00 0.000000000000000000e+00 0.000000000000000000e+00 1.328903654485049692e-02 0.000000000000000000e+00 4.308390022675737639e-03 1.407967032967032996e-02 0.000000000000000000e+00 2.350020350020350091e-01 0.000000000000000000e+00 1.923076923076923184e-02 1.111111111111111049e-01 0.000000000000000000e+00 0.000000000000000000e+00 0.000000000000000000e+00 2.073521716378859056e-03 3.166833166833166874e-02 0.000000000000000000e+00 0.000000000000000000e+00
1.587301587301587213e-02 0.000000000000000000e+00 1.587301587301587213e-02 2.174795057125233910e-01 0.000000000000000000e+00 0.000000000000000000e+00 1.212386379053045915e-01 1.763093116034292751e-01 2.849831299093967818e-01 6.679894179894180217e-02 2.402740923793555416e-01 1.667348084014750598e-01 2.466643633284500425e-01 3.633755133755133815e-01 1.001888634241575454e-01 1.255158730158730251e-01 1.033333333333333187e-01 1.587301587301587213e-02 1.587301587301587213e-02 0.000000000000000000e+00 5.000000000000000000e-01 1.746713163379829958e-01 2.768642305407011395e-01 2.765704747608772052e-01 0.000000000000000000e+00 2.758397282971586373e-01 1.681580651815542116e-01 0.000000000000000000e+00 1.200939959163643267e-01 2.281450031450031057e-01 1.667506513094748344e-01 0.000000000000000000e+00 3.056832056832056721e-01 0.000000000000000000e+00 1.583038173947264871e-01 3.364858603974039131e-01 2.511796921497643775e-01 2.473792547321958801e-01 0.000000000000000000e+00
0.000000000000000000e+00 0.000000000000000000e+00 0.000000000000000000e+00 1.213906926406926462e-01 0.000000000000000000e+00 0.000000000000000000e+00 2.222222222222222099e-01 5.705868205868205867e-02 2.143443362193362123e-01 1.428571428571428492e-01 2.932539682539682113e-01 2.999999999999999889e-01 1.744656385281385391e-01 1.030158730158730052e-01 5.064935064935065234e-02 8.333333333333332871e-02 0.000000000000000000e+00 0.000000000000000000e+00 0.000000000000000000e+00 0.000000000000000000e+00 1.746713163379829958e-01 5.000000000000000000e-01 2.059659090909090884e-01 2.213551629249303487e-01 0.000000000000000000e+00 2.218583224535605192e-01 1.186654491341991441e-01 0.000000000000000000e+00 9.100529100529100579e-02 1.510560146923783098e-01 1.082138347763347691e-01 0.000000000000000000e+00 1.633928571428571452e-01 0.000000000000000000e+00 1.312500000000000056e-01 1.842930796055796405e-01 1.600534566443657380e-01 1.414772727272727293e-01 0.000000000000000000e+00
3.125000000000000000e-02 0.000000000000000000e+00 3.125000000000000000e-02 2.498356286959228234e-01 0.000000000000000000e+00 0.000000000000000000e+00 1.166666666666666685e-01 1.894515277375317663e-01 3.560424169667867345e-01 8.173076923076923184e-02 2.374025974025973651e-01 2.443181818181818232e-01 2.858855850032320789e-01 1.609360410830998900e-01 8.382038712921065227e-02 8.095238095238094234e-02 0.000000000000000000e+00 3.125000000000000000e-02 3.125000000000000000e-02 0.000000000000000000e+00 2.768642305407011395e-01 2.059659090909090884e-01 5.000000000000000000e-01 2.277653501182912987e-01 0.000000000000000000e+00 2.187791934058902210e-01 2.748157298402396087e-01 0.000000000000000000e+00 1.518398268398268303e-01 1.452488687782805266e-01 3.268720821661997844e-01 0.000000000000000000e+00 1.719907407407407496e-01 0.000000000000000000e+00 1.877104377104377164e-01 1.790701753071994862e-01 2.581955563290405098e-01 4.136029411764705621e-01 0.000000000000000000e+00
7.232205778717407628e-03 0.000000000000000000e+00 7.232205778717407628e-03 2.242985628366251094e-01 1.925025329280648234e-02 0.000000000000000000e+00 4.457364341085270909e-02 1.112337931701435495e-01 3.262338235525922281e-01 2.685663174035267109e-01 2.442343877628517790e-01 2.284564918285847956e-01 2.334690669474583369e-01 2.584366422007399189e-01 2.828143854095411247e-01 4.010503385503384755e-02 1.082251082251082207e-02 7.232205778717407628e-03 7.232205778717407628e-03 1.328903654485049692e-02 2.765704747608772052e-01 2.213551629249303487e-01 2.277653501182912987e-01 5.000000000000000000e-01 0.000000000000000000e+00 3.792983058608058178e-01 3.392449346620766137e-01 0.000000000000000000e+00 3.076537015615963266e-01 2.085632708794473433e-01 1.679269350448348297e-01 0.000000000000000000e+00 1.887023827374704477e-01 0.000000000000000000e+00 2.120711079044411973e-01 3.524872141419314042e-01 2.392822257886856874e-01 2.140393992354776564e-01 0.000000000000000000e+00
0.000000000000000000e+00 0.000000000000000000e+00 0.000000000000000000e+00 0.000000000000000000e+00 0.000000000000000000e+00 0.000000000000000000e+00 0.000000000000000000e+00 0.000000000000000000e+00 0.000000000000000000e+00 0.000000000000000000e+00 0.000000000000000000e+00 0.000000000000000000e+00 0.000000000000000000e+00 0.000000000000000000e+00 0.000000000000000000e+00 0.000000000000000000e+00 0.000000000000000000e+00 0.000000000000000000e+00 0.000000000000000000e+00 0.000000000000000000e+00 0.000000000000000000e+00 0.000000000000000000e+00 0.000000000000000000e+00 0.000000000000000000e+00 5.000000000000000000e-01 0.000000000000000000e+00 0.000000000000000000e+00 0.000000000000000000e+00 0.000000000000000000e+00 0.000000000000000000e+00 0.000000000000000000e+00 0.000000000000000000e+00 0.000000000000000000e+00 0.000000000000000000e+00 0.000000000000000000e+00 0.000000000000000000e+00 0.000000000000000000e+00 0.000000000000000000e+00 0.000000000000000000e+00
6.070054284339998669e-03 0.000000000000000000e+00 6.070054284339998669e-03 2.283628826296597580e-01 6.289978678038379671e-03 0.000000000000000000e+00 6.825832897261467636e-02 3.418529784628855372e-01 3.222681418157264943e-01 4.691261119832548093e-02 2.768992639702022029e-01 2.215402322545179381e-01 2.474794221597290400e-01 3.355373716003909323e-01 1.975145585336139931e-01 5.838198260073260148e-02 1.968005952380952328e-02 6.070054284339998669e-03 6.070054284339998669e-03 4.308390022675737639e-03 2.758397282971586373e-01 2.218583224535605192e-01 2.187791934058902210e-01 3.792983058608058178e-01 0.000000000000000000e+00 5.000000000000000000e-01 2.527819022345780264e-01 0.000000000000000000e+00 1.668784379780621219e-01 3.317357309085249284e-01 2.467570856502744603e-01 0.000000000000000000e+00 1.618153674935051134e-01 0.000000000000000000e+00 2.018062493062492690e-01 3.692728320930762087e-01 3.318098618214715967e-01 1.536642329515633121e-01 0.000000000000000000e+00
2.369791666666666574e-02 0.000000000000000000e+00 2.369791666666666574e-02 3.041649564530756744e-01 1.126373626373626362e-02 0.000000000000000000e+00 8.311202686202685819e-02 2.070895032459632579e-01 2.762430380077439129e-01 5.912316849816849629e-02 2.471134394579370397e-01 2.435808982683982382e-01 2.377713459492941661e-01 2.558835699489056537e-01 9.679181793152380475e-02 6.085075055663290156e-02 2.215431627196333061e-02 2.369791666666666574e-02 2.369791666666666574e-02 1.407967032967032996e-02 1.681580651815542116e-01 1.186654491341991441e-01 2.748157298402396087e-01 3.392449346620766137e-01 0.000000000000000000e+00 2.527819022345780264e-01 5.000000000000000000e-01 0.000000000000000000e+00 2.216204085769303000e-01 1.423458557266606694e-01 3.369498556998556937e-01 0.000000000000000000e+00 1.249738930659983205e-01 0.000000000000000000e+00 3.497464726631393517e-01 3.345682296068016592e-01 2.585820551997022876e-01 2.676299009632343018e-01 0.000000000000000000e+00
0.000000000000000000e+00 0.000000000000000000e+00 0.000000000000000000e+00 0.000000000000000000e+00 0.000000000000000000e+00 0.000000000000000000e+00 0.000000000000000000e+00 0.000000000000000000e+00 0.000000000000000000e+00 0.000000000000000000e+00 0.000000000000000000e+00 0.000000000000000000e+00 0.000000000000000000e+00 0.000000000000000000e+00 0.000000000000000000e+00 0.000000000000000000e+00 0.000000000000000000e+00 0.000000000000000000e+00 0.000000000000000000e+00 0.000000000000000000e+00 0.000000000000000000e+00 0.000000000000000000e+00 0.000000000000000000e+00 0.000000000000000000e+00 0.000000000000000000e+00 0.000000000000000000e+00 0.000000000000000000e+00 5.000000000000000000e-01 0.000000000000000000e+00 0.000000000000000000e+00 0.000000000000000000e+00 0.000000000000000000e+00 0.000000000000000000e+00 0.000000000000000000e+00 0.000000000000000000e+00 0.000000000000000000e+00 0.000000000000000000e+00 0.000000000000000000e+00 0.000000000000000000e+00
1.481481481481481538e-02 2.469135802469135665e-02 1.481481481481481538e-02 1.988348210097436175e-01 2.276509814971353629e-01 2.469135802469135665e-02 7.509157509157510235e-02 1.545947086968758877e-01 2.499754631333578614e-01 6.481481481481481122e-02 2.478979500032131578e-01 9.100529100529100579e-02 2.317963469279258615e-01 1.663036325715751551e-01 2.529411764705882804e-01 2.435897435897435570e-02 4.040404040404040054e-02 1.481481481481481538e-02 1.481481481481481538e-02 2.350020350020350091e-01 1.200939959163643267e-01 9.100529100529100579e-02 1.518398268398268303e-01 3.076537015615963266e-01 0.000000000000000000e+00 1.668784379780621219e-01 2.216204085769303000e-01 0.000000000000000000e+00 5.000000000000000000e-01 9.567771409876672795e-02 2.077944277944277773e-01 2.469135802469135665e-02 9.654818865345181356e-02 0.000000000000000000e+00 8.791814246359699880e-02 1.313937503599157675e-01 2.418368668368668373e-01 1.437229437229437246e-01 0.000000000000000000e+00
2.302243211334120687e-02 0.000000000000000000e+00 2.302243211334120687e-02 2.604250625535455277e-01 0.000000000000000000e+00 0.000000000000000000e+00 9.504662004662002561e-02 1.729890479890480171e-01 2.006676939781760760e-01 2.272727272727272790e-02 3.198529411764705621e-01 1.289518562245834943e-01 2.835448432766772275e-01 1.358780108780108797e-01 8.859649122807015942e-02 8.029100529100528794e-02 0.000000000000000000e+00 2.302243211334120687e-02 2.302243211334120687e-02 0.000000000000000000e+00 2.281450031450031057e-01 1.510560146923783098e-01 1.452488687782805266e-01 2.085632708794473433e-01 0.000000000000000000e+00 3.317357309085249284e-01 1.423458557266606694e-01 0.000000000000000000e+00 9.567771409876672795e-02 5.000000000000000000e-01 2.691810208246194769e-01 0.000000000000000000e+00 2.304977074207843479e-01 0.000000000000000000e+00 9.811854811854811564e-02 3.320642749481233502e-01 1.809775273745861945e-01 1.281806805562461793e-01 0.000000000000000000e+00
3.906250000000000000e-02 0.000000000000000000e+00 3.906250000000000000e-02 3.247892957790403656e-01 1.282051282051282180e-02 0.000000000000000000e+00 1.024839743589743557e-01 2.143100017431568138e-01 2.880669439492968831e-01 1.923076923076923184e-02 2.806427699284841926e-01 1.464871933621933464e-01 2.570094029514639611e-01 1.930944055944056326e-01 7.925150829562593868e-02 6.128747795414461047e-02 2.020202020202020374e-02 3.906250000000000000e-02 3.906250000000000000e-02 1.923076923076923184e-02 1.667506513094748344e-01 1.082138347763347691e-01 3.268720821661997844e-01 1.679269350448348297e-01 0.000000000000000000e+00 2.467570856502744603e-01 3.369498556998556937e-01 0.000000000000000000e+00 2.077944277944277773e-01 2.691810208246194769e-01 5.000000000000000000e-01 0.000000000000000000e+00 1.375228937728937839e-01 0.000000000000000000e+00 1.528968253968253921e-01 2.268068110613749300e-01 2.720433689724346960e-01 3.162103174603174693e-01 0.000000000000000000e+00
0.000000000000000000e+00 5.000000000000000000e-01 0.000000000000000000e+00 0.000000000000000000e+00 2.645502645502645356e-01 5.000000000000000000e-01 0.000000000000000000e+00 0.000000000000000000e+00 0.000000000000000000e+00 0.000000000000000000e+00 0.000000000000000000e+00 0.000000000000000000e+00 0.000000000000000000e+00 1.904761904761904587e-02 3.968253968253968034e-02 0.000000000000000000e+00 3.809523809523809312e-01 0.000000000000000000e+00 0.000000000000000000e+00 1.111111111111111049e-01 0.000000000000000000e+00 0.000000000000000000e+00 0.000000000000000000e+00 0.000000000000000000e+00 0.000000000000000000e+00 0.000000000000000000e+00 0.000000000000000000e+00 0.000000000000000000e+00 2.469135802469135665e-02 0.000000000000000000e+00 0.000000000000000000e+00 5.000000000000000000e-01 0.000000000000000000e+00 0.000000000000000000e+00 0.000000000000000000e+00 0.000000000000000000e+00 0.000000000000000000e+00 0.000000000000000000e+00 0.000000000000000000e+00
3.571428571428571230e-02 0.000000000000000000e+00 3.571428571428571230e-02 2.171183166248955576e-01 0.000000000000000000e+00 0.000000000000000000e+00 1.404151404151404159e-01 1.566129273025824997e-01 1.810234721418932102e-01 7.142857142857142461e-02 2.515172546751494598e-01 1.276785714285714191e-01 2.608233652312599848e-01 1.203863130333718695e-01 8.508898508898508906e-02 3.083333333333332926e-01 0.000000000000000000e+00 3.571428571428571230e-02 3.571428571428571230e-02 0.000000000000000000e+00 3.056832056832056721e-01 1.633928571428571452e-01 1.719907407407407496e-01 1.887023827374704477e-01 0.000000000000000000e+00 1.618153674935051134e-01 1.249738930659983205e-01 0.000000000000000000e+00 9.654818865345181356e-02 2.304977074207843479e-01 1.375228937728937839e-01 0.000000000000000000e+00 5.000000000000000000e-01 0.000000000000000000e+00 1.027777777777777873e-01 2.462745192543954187e-01 2.336340110631608402e-01 2.763888888888888506e-01 0.000000000000000000e+00
0.000000000000000000e+00 0.000000000000000000e+00 0.000000000000000000e+00 0.000000000000000000e+00 0.000000000000000000e+00 0.000000000000000000e+00 0.000000000000000000e+00 0.000000000000000000e+00 0.000000000000000000e+00 0.000000000000000000e+00 0.000000000000000000e+00 0.000000000000000000e+00 0.000000000000000000e+00 0.000000000000000000e+00 0.000000000000000000e+00 0.000000000000000000e+00 0.000000000000000000e+00 0.000000000000000000e+00 0.000000000000000000e+00 0.000000000000000000e+00 0.000000000000000000e+00 0.000000000000000000e+00 0.000000000000000000e+00 0.000000000000000000e+00 0.000000000000000000e+00 0.000000000000000000e+00 0.000000000000000000e+00 0.000000000000000000e+00 0.000000000000000000e+00 0.000000000000000000e+00 0.000000000000000000e+00 0.000000000000000000e+00 0.000000000000000000e+00 5.000000000000000000e-01 0.000000000000000000e+00 0.000000000000000000e+00 0.000000000000000000e+00 0.000000000000000000e+00 0.000000000000000000e+00
0.000000000000000000e+00 0.000000000000000000e+00 0.000000000000000000e+00 1.182765151515151464e-01 0.000000000000000000e+00 0.000000000000000000e+00 7.142857142857142461e-02 6.382047071702243168e-02 1.693813131313131326e-01 7.142857142857142461e-02 1.393290043290043578e-01 2.482142857142857206e-01 1.200942113442113462e-01 2.390289449112978359e-01 4.232804232804232569e-02 6.666666666666666574e-02 5.714285714285714107e-02 0.000000000000000000e+00 0.000000000000000000e+00 0.000000000000000000e+00 1.583038173947264871e-01 1.312500000000000056e-01 1.877104377104377164e-01 2.120711079044411973e-01 0.000000000000000000e+00 2.018062493062492690e-01 3.497464726631393517e-01 0.000000000000000000e+00 8.791814246359699880e-02 9.811854811854811564e-02 1.528968253968253921e-01 0.000000000000000000e+00 1.027777777777777873e-01 0.000000000000000000e+00 5.000000000000000000e-01 2.426747517188693748e-01 1.487359862359862450e-01 1.740740740740740478e-01 0.000000000000000000e+00
2.276270356627499609e-03 0.000000000000000000e+00 2.276270356627499609e-03 1.785977653237714735e-01 2.897393304370048540e-03 0.000000000000000000e+00 1.945937990580847432e-01 3.372191155136021190e-01 3.498470055886916397e-01 1.148395255538112690e-02 2.353133137615896486e-01 1.850526953205525182e-01 1.834658375680046916e-01 2.678327334840855944e-01 1.606270400722271952e-01 2.339739977313941843e-01 4.877174107943338908e-03 2.276270356627499609e-03 2.276270356627499609e-03 2.073521716378859056e-03 3.364858603974039131e-01 1.842930796055796405e-01 1.790701753071994862e-01 3.524872141419314042e-01 0.000000000000000000e+00 3.692728320930762087e-01 3.345682296068016592e-01 0.000000000000000000e+00 1.313937503599157675e-01 3.320642749481233502e-01 2.268068110613749300e-01 0.000000000000000000e+00 2.462745192543954187e-01 0.000000000000000000e+00 2.426747517188693748e-01 6.946107784431138077e-01 2.257836791361217954e-01 1.633980326670637362e-01 0.000000000000000000e+00
1.780303030303029971e-02 0.000000000000000000e+00 1.780303030303029971e-02 2.471145659511310433e-01 3.322344322344322060e-02 0.000000000000000000e+00 2.280497280497280344e-01 3.567866057804137681e-01 2.913903206970433479e-01 4.054279054279053690e-02 3.209192768016297381e-01 1.556342647251738043e-01 3.379502678264287852e-01 3.062058190347664577e-01 2.248943437023932235e-01 6.279253154253154612e-02 4.090909090909090884e-02 1.780303030303029971e-02 1.780303030303029971e-02 3.166833166833166874e-02 2.511796921497643775e-01 1.600534566443657380e-01 2.581955563290405098e-01 2.392822257886856874e-01 0.000000000000000000e+00 3.318098618214715967e-01 2.585820551997022876e-01 0.000000000000000000e+00 2.418368668368668373e-01 1.809775273745861945e-01 2.720433689724346960e-01 0.000000000000000000e+00 2.336340110631608402e-01 0.000000000000000000e+00 1.487359862359862450e-01 2.257836791361217954e-01 5.000000000000000000e-01 2.994447483135265764e-01 0.000000000000000000e+00
3.125000000000000000e-02 0.000000000000000000e+00 3.125000000000000000e-02 2.409508247743542275e-01 0.000000000000000000e+00 0.000000000000000000e+00 1.194444444444444364e-01 1.873305644096719125e-01 2.659931280204389514e-01 9.065934065934065644e-02 2.092261904761904545e-01 1.954545454545454641e-01 2.752238202973497083e-01 1.316571500395029570e-01 8.332435538317890800e-02 8.650793650793650591e-02 0.000000000000000000e+00 3.125000000000000000e-02 3.125000000000000000e-02 0.000000000000000000e+00 2.473792547321958801e-01 1.414772727272727293e-01 4.136029411764705621e-01 2.140393992354776564e-01 0.000000000000000000e+00 1.536642329515633121e-01 2.676299009632343018e-01 0.000000000000000000e+00 1.437229437229437246e-01 1.281806805562461793e-01 3.162103174603174693e-01 0.000000000000000000e+00 2.763888888888888506e-01 0.000000000000000000e+00 1.740740740740740478e-01 1.633980326670637362e-01 2.994447483135265764e-01 5.000000000000000000e-01 0.000000000000000000e+00
0.000000000000000000e+00 0.000000000000000000e+00 0.000000000000000000e+00 0.000000000000000000e+00 0.000000000000000000e+00 0.000000000000000000e+00 0.000000000000000000e+00 0.000000000000000000e+00 0.000000000000000000e+00 0.000000000000000000e+00 0.000000000000000000e+00 0.000000000000000000e+00 0.000000000000000000e+00 0.000000000000000000e+00 0.000000000000000000e+00 0.000000000000000000e+00 0.000000000000000000e+00 0.000000000000000000e+00 0.000000000000000000e+00 0.000000000000000000e+00 0.000000000000000000e+00 0.000000000000000000e+00 0.000000000000000000e+00 0.000000000000000000e+00 0.000000000000000000e+00 0.000000000000000000e+00 0.000000000000000000e+00 0.000000000000000000e+00 0.000000000000000000e+00 0.000000000000000000e+00 0.000000000000000000e+00 0.000000000000000000e+00 0.000000000000000000e+00 0.000000000000000000e+00 0.000000000000000000e+00 0.000000000000000000e+00 0.000000000000000000e+00 0.000000000000000000e+00 5.000000000000000000e-01
